strawberry1.jpg 45.9259 45.9259 45.9259 45.9259 45.9258 45.9258 45.9258 45.9258 45.9258 45.9258 45.9258
strawberry2.jpg 45.9232 45.9232 45.9232 45.9232 45.9232 45.9232 45.9232 45.9232 45.9232 45.9232 45.9232
strawberry3.jpg 45.9211 45.9209 45.9208 45.9207 45.9206 45.9205 45.9205 45.9205 45.9205 45.9205 45.9204
strawberry4.jpg 45.9224 45.9224 45.9224 45.9224 45.9225 45.9225 45.9226 45.9227 45.9227 45.9228 45.9228
strawberry5.jpg 45.9217 45.9218 45.9218 45.9219 45.9219 45.9220 45.9220 45.9220 45.9220 45.9220 45.9221
strawberry6.jpg 45.9203 45.9202 45.9202 45.9202 45.9202 45.9202 45.9202 45.9203 45.9203 45.9203 45.9203
strawberry7.jpg 45.9199 45.9199 45.9199 45.9198 45.9198 45.9198 45.9198 45.9197 45.9197 45.9197 45.9197
strawberry8.jpg 45.9142 45.9143 45.9145 45.9146 45.9147 45.9147 45.9148 45.9148 45.9148 45.9149 45.9149
strawberry9.jpg 45.9140 45.9140 45.9139 45.9139 45.9139 45.9139 45.9139 45.9139 45.9139 45.9139 45.9139
strawberry10.jpg 45.9145 45.9142 45.9141 45.9139 45.9139 45.9138 45.9138 45.9138 45.9139 45.9140 45.9141
strawberry11.jpg 45.9132 45.9132 45.9132 45.9132 45.9132 45.9132 45.9132 45.9132 45.9132 45.9132 45.9132
strawberry12.jpg 45.9132 45.9132 45.9132 45.9132 45.9132 45.9132 45.9132 45.9132 45.9132 45.9132 45.9132
strawberry13.jpg 45.9116 45.9116 45.9117 45.9117 45.9117 45.9117 45.9117 45.9117 45.9117 45.9117 45.9117
strawberry14.jpg 45.9111 45.9111 45.9111 45.9111 45.9111 45.9112 45.9112 45.9112 45.9112 45.9112 45.9112
strawberry15.jpg 45.9093 45.9093 45.9094 45.9094 45.9095 45.9095 45.9095 45.9096 45.9096 45.9096 45.9096
strawberry16.jpg 45.9086 45.9086 45.9086 45.9086 45.9086 45.9086 45.9086 45.9086 45.9086 45.9086 45.9086
strawberry17.jpg 45.8982 45.8982 45.8982 45.8982 45.8982 45.8982 45.8982 45.8982 45.8982 45.8982 45.8982
strawberry18.jpg 45.8975 45.8975 45.8975 45.8975 45.8975 45.8975 45.8975 45.8976 45.8976 45.8976 45.8976
strawberry19.jpg 45.8955 45.8955 45.8955 45.8955 45.8956 45.8956 45.8957 45.8957 45.8958 45.8958 45.8959
strawberry20.jpg 45.8952 45.8952 45.8951 45.8950 45.8950 45.8949 45.8949 45.8948 45.8948 45.8948 45.8947
strawberry21.jpg 19.9159 19.9160 19.9161 19.9162 19.9163 19.9164 19.9165 19.9166 19.9166 19.9167 19.9167
strawberry22.jpg 19.9171 19.9171 19.9171 19.9171 19.9171 19.9171 19.9171 19.9171 19.9171 19.9171 19.9171
strawberry23.jpg 19.9147 19.9148 19.9150 19.9151 19.9152 19.9152 19.9152 19.9152 19.9152 19.9152 19.9152
strawberry24.jpg 19.9153 19.9152 19.9152 19.9152 19.9152 19.9151 19.9151 19.9151 19.9151 19.9151 19.9151
strawberry25.jpg 19.9130 19.9130 19.9131 19.9131 19.9132 19.9132 19.9132 19.9133 19.9133 19.9134 19.9134
strawberry26.jpg 19.9144 19.9144 19.9144 19.9144 19.9144 19.9145 19.9145 19.9145 19.9145 19.9145 19.9145
strawberry27.jpg 19.9122 19.9122 19.9123 19.9124 19.9125 19.9125 19.9126 19.9127 19.9127 19.9128 19.9129
strawberry28.jpg 19.9132 19.9133 19.9134 19.9135 19.9135 19.9136 19.9136 19.9136 19.9137 19.9137 19.9137
strawberry29.jpg 19.9122 19.9121 19.9121 19.9121 19.9122 19.9122 19.9123 19.9123 19.9123 19.9123 19.9123
strawberry30.jpg 19.9122 19.9122 19.9122 19.9122 19.9123 19.9123 19.9123 19.9123 19.9123 19.9123 19.9123
strawberry31.jpg 19.9108 19.9108 19.9108 19.9108 19.9108 19.9108 19.9108 19.9108 19.9108 19.9109 19.9109
strawberry32.jpg 21.8072 21.8073 21.8075 21.8078 21.8080 21.8082 21.8085 21.8087 21.8089 21.8091 21.8093
strawberry33.jpg 21.8086 21.8087 21.8088 21.8089 21.8090 21.8091 21.8092 21.8092 21.8093 21.8094 21.8094
strawberry34.jpg 21.8099 21.8098 21.8098 21.8098 21.8099 21.8099 21.8100 21.8101 21.8101 21.8102 21.8102
strawberry35.jpg 21.8090 21.8089 21.8089 21.8089 21.8090 21.8090 21.8091 21.8091 21.8092 21.8092 21.8092
strawberry36.jpg 21.8071 21.8071 21.8071 21.8071 21.8071 21.8071 21.8071 21.8071 21.8071 21.8071 21.8071
strawberry37.jpg 21.8065 21.8065 21.8065 21.8065 21.8065 21.8065 21.8065 21.8065 21.8065 21.8065 21.8065
strawberry38.jpg 21.8047 21.8047 21.8047 21.8047 21.8047 21.8047 21.8047 21.8047 21.8047 21.8048 21.8048
strawberry39.jpg 21.8050 21.8050 21.8050 21.8050 21.8051 21.8051 21.8051 21.8051 21.8051 21.8051 21.8051
strawberry40.jpg 21.8034 21.8035 21.8037 21.8038 21.8039 21.8040 21.8040 21.8041 21.8041 21.8042 21.8043
strawberry41.jpg 21.8042 21.8043 21.8043 21.8043 21.8043 21.8043 21.8043 21.8043 21.8043 21.8043 21.8043
strawberry42.jpg 21.8038 21.8038 21.8038 21.8038 21.8038 21.8038 21.8038 21.8038 21.8038 21.8038 21.8038
strawberry43.jpg 21.8034 21.8033 21.8032 21.8031 21.8030 21.8030 21.8029 21.8029 21.8029 21.8029 21.8029
strawberry44.jpg 21.8031 21.8032 21.8033 21.8033 21.8034 21.8034 21.8034 21.8034 21.8034 21.8035 21.8035
strawberry45.jpg 21.8031 21.8032 21.8032 21.8032 21.8032 21.8032 21.8032 21.8032 21.8032 21.8032 21.8032
strawberry46.jpg 27.9883 27.9884 27.9884 27.9884 27.9884 27.9885 27.9885 27.9885 27.9885 27.9885 27.9886
strawberry47.jpg 27.9886 27.9886 27.9886 27.9886 27.9886 27.9886 27.9885 27.9885 27.9885 27.9885 27.9885
strawberry48.jpg 27.9886 27.9886 27.9886 27.9887 27.9887 27.9887 27.9887 27.9887 27.9887 27.9887 27.9888
strawberry49.jpg 27.9876 27.9876 27.9876 27.9875 27.9875 27.9875 27.9875 27.9875 27.9875 27.9876 27.9876
strawberry50.jpg 27.9879 27.9879 27.9879 27.9879 27.9879 27.9879 27.9879 27.9879 27.9879 27.9879 27.9880
strawberry51.jpg 27.9878 27.9878 27.9878 27.9877 27.9877 27.9877 27.9877 27.9877 27.9877 27.9877 27.9877
strawberry52.jpg 27.9869 27.9869 27.9869 27.9869 27.9869 27.9870 27.9870 27.9870 27.9870 27.9870 27.9870
strawberry53.jpg 27.9861 27.9861 27.9861 27.9861 27.9861 27.9861 27.9861 27.9861 27.9861 27.9861 27.9861
strawberry54.jpg 27.9859 27.9859 27.9859 27.9860 27.9860 27.9860 27.9861 27.9861 27.9861 27.9861 27.9861
strawberry55.jpg 25.9418 25.9419 25.9420 25.9420 25.9421 25.9422 25.9423 25.9423 25.9423 25.9424 25.9424
strawberry56.jpg 25.9432 25.9431 25.9431 25.9431 25.9431 25.9431 25.9430 25.9430 25.9430 25.9429 25.9429
strawberry57.jpg 25.9413 25.9413 25.9413 25.9413 25.9413 25.9413 25.9413 25.9414 25.9414 25.9414 25.9414
strawberry58.jpg 25.9411 25.9411 25.9411 25.9411 25.9411 25.9411 25.9411 25.9411 25.9411 25.9411 25.9411
strawberry59.jpg 25.9401 25.9401 25.9401 25.9401 25.9401 25.9401 25.9401 25.9401 25.9400 25.9400 25.9400
strawberry60.jpg 25.9384 25.9384 25.9385 25.9385 25.9385 25.9385 25.9385 25.9385 25.9385 25.9385 25.9385
strawberry61.jpg 25.9364 25.9363 25.9363 25.9363 25.9364 25.9364 25.9365 25.9365 25.9366 25.9367 25.9367
strawberry62.jpg 25.9378 25.9377 25.9377 25.9376 25.9376 25.9376 25.9376 25.9376 25.9376 25.9376 25.9376
strawberry63.jpg 25.9382 25.9382 25.9382 25.9382 25.9382 25.9382 25.9382 25.9382 25.9382 25.9382 25.9382
strawberry64.jpg 25.9366 25.9366 25.9367 25.9367 25.9367 25.9367 25.9368 25.9368 25.9368 25.9369 25.9369
strawberry65.jpg 18.5781 18.5781 18.5781 18.5782 18.5782 18.5782 18.5782 18.5782 18.5782 18.5782 18.5782
strawberry66.jpg 18.5772 18.5773 18.5773 18.5773 18.5774 18.5774 18.5774 18.5775 18.5775 18.5775 18.5776
strawberry67.jpg 18.5771 18.5772 18.5772 18.5772 18.5773 18.5773 18.5773 18.5773 18.5774 18.5774 18.5774
strawberry68.jpg 18.5765 18.5765 18.5765 18.5765 18.5766 18.5766 18.5767 18.5767 18.5767 18.5768 18.5768
strawberry69.jpg 18.5768 18.5768 18.5768 18.5768 18.5768 18.5768 18.5768 18.5768 18.5768 18.5768 18.5768
strawberry70.jpg 18.5757 18.5757 18.5757 18.5758 18.5758 18.5758 18.5759 18.5759 18.5759 18.5759 18.5760
strawberry71.jpg 18.5758 18.5758 18.5758 18.5758 18.5758 18.5758 18.5758 18.5758 18.5758 18.5758 18.5758
strawberry72.jpg 18.5749 18.5750 18.5750 18.5751 18.5752 18.5752 18.5753 18.5753 18.5754 18.5754 18.5754
strawberry73.jpg 18.5738 18.5738 18.5738 18.5738 18.5739 18.5739 18.5739 18.5739 18.5739 18.5739 18.5739
strawberry74.jpg 30.6497 30.6497 30.6497 30.6497 30.6497 30.6497 30.6497 30.6497 30.6497 30.6497 30.6497
strawberry75.jpg 30.6498 30.6498 30.6498 30.6498 30.6498 30.6498 30.6498 30.6498 30.6498 30.6498 30.6498
strawberry76.jpg 30.6480 30.6480 30.6480 30.6480 30.6480 30.6480 30.6480 30.6480 30.6480 30.6480 30.6480
strawberry77.jpg 30.6464 30.6464 30.6464 30.6464 30.6465 30.6465 30.6465 30.6466 30.6466 30.6467 30.6467
strawberry78.jpg 30.6471 30.6471 30.6471 30.6472 30.6472 30.6472 30.6472 30.6472 30.6472 30.6472 30.6472
strawberry79.jpg 30.6458 30.6458 30.6458 30.6459 30.6459 30.6459 30.6460 30.6460 30.6460 30.6461 30.6461
strawberry80.jpg 30.6464 30.6464 30.6464 30.6464 30.6464 30.6464 30.6464 30.6464 30.6464 30.6464 30.6464
strawberry81.jpg 30.6446 30.6446 30.6446 30.6446 30.6446 30.6446 30.6446 30.6446 30.6446 30.6446 30.6446
strawberry82.jpg 30.6434 30.6434 30.6434 30.6434 30.6434 30.6433 30.6433 30.6433 30.6433 30.6433 30.6433
strawberry83.jpg 30.6407 30.6407 30.6406 30.6406 30.6407 30.6407 30.6407 30.6408 30.6408 30.6409 30.6409
strawberry84.jpg 30.6421 30.6420 30.6418 30.6417 30.6416 30.6415 30.6415 30.6414 30.6414 30.6414 30.6414
strawberry85.jpg 30.6423 30.6423 30.6423 30.6422 30.6422 30.6422 30.6422 30.6422 30.6422 30.6422 30.6422
strawberry86.jpg 30.6414 30.6414 30.6414 30.6414 30.6415 30.6415 30.6415 30.6415 30.6415 30.6415 30.6416
strawberry87.jpg 30.6407 30.6407 30.6407 30.6407 30.6407 30.6407 30.6407 30.6407 30.6407 30.6407 30.6408
strawberry88.jpg 25.0370 25.0370 25.0370 25.0370 25.0369 25.0369 25.0369 25.0369 25.0369 25.0369 25.0369
strawberry89.jpg 25.0296 25.0296 25.0296 25.0296 25.0296 25.0296 25.0295 25.0295 25.0295 25.0295 25.0294
strawberry90.jpg 25.0276 25.0276 25.0277 25.0278 25.0279 25.0280 25.0281 25.0282 25.0282 25.0283 25.0284
strawberry91.jpg 25.0286 25.0286 25.0286 25.0286 25.0286 25.0286 25.0287 25.0287 25.0287 25.0287 25.0287
strawberry92.jpg 25.0281 25.0281 25.0275 25.0270 25.0269 25.0269 25.0269 25.0269 25.0269 25.0268 25.0268
strawberry93.jpg 25.0248 25.0249 25.0250 25.0251 25.0252 25.0253 25.0253 25.0254 25.0255 25.0255 25.0256
strawberry94.jpg 25.0244 25.0244 25.0244 25.0244 25.0245 25.0245 25.0245 25.0246 25.0246 25.0246 25.0247
strawberry95.jpg 25.0235 25.0235 25.0235 25.0236 25.0236 25.0236 25.0236 25.0236 25.0236 25.0236 25.0236
strawberry96.jpg 25.0233 25.0233 25.0234 25.0234 25.0235 25.0235 25.0236 25.0236 25.0236 25.0237 25.0237
strawberry97.jpg 25.0204 25.0204 25.0205 25.0206 25.0207 25.0208 25.0209 25.0210 25.0211 25.0211 25.0212
strawberry98.jpg 34.2066 34.2067 34.2067 34.2068 34.2069 34.2070 34.2071 34.2072 34.2073 34.2074 34.2075
strawberry99.jpg 34.2087 34.2087 34.2086 34.2086 34.2086 34.2086 34.2087 34.2087 34.2087 34.2087 34.2088
strawberry100.jpg 34.2086 34.2087 34.2087 34.2087 34.2088 34.2088 34.2088 34.2088 34.2089 34.2089 34.2089
strawberry101.jpg 34.2070 34.2070 34.2071 34.2071 34.2072 34.2073 34.2073 34.2074 34.2074 34.2075 34.2075
strawberry102.jpg 34.2047 34.2048 34.2048 34.2049 34.2049 34.2050 34.2051 34.2052 34.2052 34.2053 34.2054
strawberry103.jpg 34.2078 34.2078 34.2078 34.2078 34.2078 34.2078 34.2078 34.2078 34.2078 34.2078 34.2078
strawberry104.jpg 34.2059 34.2059 34.2059 34.2059 34.2060 34.2060 34.2061 34.2061 34.2061 34.2062 34.2062
strawberry105.jpg 34.2026 34.2026 34.2026 34.2026 34.2026 34.2026 34.2026 34.2026 34.2027 34.2027 34.2027
strawberry106.jpg 34.2028 34.2027 34.2027 34.2026 34.2026 34.2025 34.2025 34.2024 34.2024 34.2023 34.2023
strawberry107.jpg 34.2022 34.2022 34.2022 34.2022 34.2022 34.2021 34.2021 34.2021 34.2021 34.2021 34.2021
strawberry108.jpg 34.2015 34.2015 34.2016 34.2016 34.2016 34.2016 34.2016 34.2016 34.2016 34.2016 34.2017
strawberry109.jpg 34.1980 34.1982 34.1984 34.1985 34.1987 34.1989 34.1990 34.1991 34.1992 34.1993 34.1993
strawberry110.jpg 26.2896 26.2896 26.2896 26.2896 26.2895 26.2895 26.2895 26.2895 26.2894 26.2894 26.2894
strawberry111.jpg 26.2827 26.2827 26.2828 26.2829 26.2829 26.2830 26.2830 26.2831 26.2831 26.2832 26.2832
strawberry112.jpg 26.2827 26.2828 26.2828 26.2828 26.2829 26.2829 26.2830 26.2830 26.2830 26.2831 26.2831
strawberry113.jpg 26.2828 26.2828 26.2829 26.2829 26.2829 26.2829 26.2829 26.2829 26.2829 26.2830 26.2830
strawberry114.jpg 26.2821 26.2821 26.2821 26.2821 26.2822 26.2822 26.2822 26.2822 26.2822 26.2823 26.2823
strawberry115.jpg 26.2809 26.2810 26.2811 26.2812 26.2813 26.2814 26.2815 26.2816 26.2817 26.2818 26.2818
strawberry116.jpg 26.2813 26.2813 26.2813 26.2813 26.2813 26.2814 26.2814 26.2814 26.2814 26.2815 26.2815
strawberry117.jpg 26.2807 26.2808 26.2808 26.2808 26.2808 26.2808 26.2808 26.2809 26.2809 26.2809 26.2809
strawberry118.jpg 20.3733 20.3733 20.3733 20.3733 20.3733 20.3734 20.3734 20.3735 20.3735 20.3736 20.3736
strawberry119.jpg 20.3739 20.3739 20.3739 20.3739 20.3739 20.3739 20.3740 20.3740 20.3741 20.3741 20.3742
strawberry120.jpg 20.3742 20.3742 20.3742 20.3742 20.3742 20.3742 20.3742 20.3742 20.3741 20.3741 20.3741
strawberry121.jpg 20.3688 20.3688 20.3688 20.3688 20.3688 20.3688 20.3688 20.3688 20.3688 20.3688 20.3688
strawberry122.jpg 20.3666 20.3666 20.3666 20.3666 20.3667 20.3667 20.3667 20.3667 20.3667 20.3668 20.3668
strawberry123.jpg 20.3675 20.3676 20.3676 20.3676 20.3676 20.3676 20.3676 20.3675 20.3674 20.3674 20.3673
strawberry124.jpg 20.3657 20.3657 20.3657 20.3657 20.3657 20.3657 20.3657 20.3657 20.3657 20.3657 20.3657
strawberry125.jpg 20.3659 20.3659 20.3658 20.3658 20.3658 20.3657 20.3657 20.3656 20.3655 20.3655 20.3654
strawberry126.jpg 21.6508 21.6508 21.6508 21.6508 21.6509 21.6509 21.6509 21.6509 21.6509 21.6509 21.6509
strawberry127.jpg 21.6485 21.6485 21.6485 21.6486 21.6486 21.6487 21.6487 21.6488 21.6488 21.6489 21.6489
strawberry128.jpg 21.6487 21.6486 21.6486 21.6486 21.6486 21.6485 21.6485 21.6485 21.6484 21.6484 21.6484
strawberry129.jpg 21.6484 21.6484 21.6484 21.6484 21.6484 21.6484 21.6484 21.6484 21.6484 21.6484 21.6484
strawberry130.jpg 21.6480 21.6481 21.6482 21.6482 21.6483 21.6483 21.6483 21.6483 21.6483 21.6482 21.6481
strawberry131.jpg 21.6470 21.6471 21.6471 21.6472 21.6472 21.6473 21.6473 21.6473 21.6474 21.6474 21.6474
strawberry132.jpg 21.6476 21.6475 21.6475 21.6475 21.6475 21.6476 21.6476 21.6477 21.6478 21.6478 21.6479
strawberry133.jpg 21.6472 21.6471 21.6471 21.6471 21.6471 21.6471 21.6471 21.6471 21.6471 21.6471 21.6471
strawberry134.jpg 21.6461 21.6460 21.6460 21.6460 21.6460 21.6459 21.6459 21.6459 21.6459 21.6459 21.6459
strawberry135.jpg 21.6452 21.6452 21.6453 21.6453 21.6454 21.6454 21.6454 21.6454 21.6454 21.6455 21.6455
strawberry136.jpg 18.6725 18.6725 18.6725 18.6725 18.6725 18.6725 18.6725 18.6726 18.6726 18.6726 18.6726
strawberry137.jpg 18.6728 18.6728 18.6728 18.6728 18.6728 18.6728 18.6727 18.6727 18.6727 18.6727 18.6728
strawberry138.jpg 18.6728 18.6728 18.6728 18.6728 18.6728 18.6728 18.6728 18.6728 18.6728 18.6728 18.6728
strawberry139.jpg 18.6714 18.6715 18.6716 18.6716 18.6717 18.6718 18.6719 18.6719 18.6720 18.6721 18.6721
strawberry140.jpg 18.6711 18.6711 18.6711 18.6711 18.6712 18.6712 18.6712 18.6712 18.6712 18.6712 18.6712
strawberry141.jpg 18.6710 18.6710 18.6709 18.6709 18.6709 18.6709 18.6709 18.6709 18.6709 18.6709 18.6709
strawberry142.jpg 18.6691 18.6691 18.6691 18.6691 18.6691 18.6691 18.6691 18.6691 18.6691 18.6692 18.6692
strawberry143.jpg 18.6682 18.6684 18.6684 18.6685 18.6685 18.6686 18.6686 18.6686 18.6686 18.6686 18.6687
strawberry144.jpg 18.6701 18.6701 18.6701 18.6701 18.6701 18.6701 18.6701 18.6701 18.6701 18.6701 18.6701
strawberry145.jpg 18.6691 18.6691 18.6691 18.6691 18.6691 18.6691 18.6691 18.6691 18.6691 18.6691 18.6691
strawberry146.jpg 34.8204 34.8204 34.8204 34.8204 34.8204 34.8203 34.8203 34.8203 34.8203 34.8203 34.8203
strawberry147.jpg 34.8184 34.8184 34.8184 34.8183 34.8183 34.8183 34.8183 34.8183 34.8183 34.8183 34.8183
strawberry148.jpg 34.8198 34.8198 34.8198 34.8198 34.8198 34.8198 34.8198 34.8198 34.8198 34.8198 34.8198
strawberry149.jpg 34.8194 34.8194 34.8194 34.8194 34.8194 34.8194 34.8194 34.8194 34.8194 34.8195 34.8195
strawberry150.jpg 34.8187 34.8187 34.8188 34.8188 34.8188 34.8188 34.8188 34.8188 34.8188 34.8188 34.8188
strawberry151.jpg 34.8179 34.8179 34.8178 34.8178 34.8177 34.8177 34.8176 34.8176 34.8175 34.8174 34.8174
strawberry152.jpg 34.8163 34.8163 34.8163 34.8163 34.8163 34.8163 34.8163 34.8164 34.8164 34.8165 34.8165
strawberry153.jpg 34.8168 34.8168 34.8167 34.8167 34.8167 34.8167 34.8167 34.8167 34.8167 34.8167 34.8167
strawberry154.jpg 34.8155 34.8155 34.8154 34.8154 34.8153 34.8152 34.8152 34.8151 34.8151 34.8151 34.8150
strawberry155.jpg 34.8138 34.8138 34.8139 34.8140 34.8141 34.8142 34.8143 34.8144 34.8145 34.8146 34.8146
strawberry156.jpg 34.8152 34.8152 34.8152 34.8152 34.8152 34.8153 34.8153 34.8153 34.8153 34.8153 34.8153
strawberry157.jpg 20.1262 20.1262 20.1261 20.1261 20.1260 20.1260 20.1260 20.1260 20.1261 20.1261 20.1262
strawberry158.jpg 20.1257 20.1257 20.1257 20.1257 20.1257 20.1256 20.1256 20.1255 20.1255 20.1255 20.1255
strawberry159.jpg 20.1262 20.1262 20.1262 20.1261 20.1261 20.1261 20.1261 20.1261 20.1262 20.1262 20.1262
strawberry160.jpg 20.1260 20.1260 20.1260 20.1260 20.1259 20.1259 20.1259 20.1259 20.1259 20.1259 20.1259
strawberry161.jpg 20.1257 20.1257 20.1257 20.1257 20.1256 20.1256 20.1256 20.1256 20.1256 20.1256 20.1256
strawberry162.jpg 20.1253 20.1253 20.1253 20.1253 20.1253 20.1253 20.1253 20.1253 20.1252 20.1252 20.1252
strawberry163.jpg 20.1249 20.1249 20.1249 20.1249 20.1249 20.1249 20.1250 20.1250 20.1250 20.1250 20.1250
strawberry164.jpg 20.1237 20.1236 20.1235 20.1235 20.1234 20.1234 20.1234 20.1234 20.1234 20.1234 20.1233
strawberry165.jpg 20.1242 20.1242 20.1242 20.1242 20.1242 20.1242 20.1242 20.1242 20.1242 20.1242 20.1242
strawberry166.jpg 20.1230 20.1229 20.1229 20.1229 20.1229 20.1229 20.1230 20.1230 20.1231 20.1231 20.1232
strawberry167.jpg 20.1246 20.1246 20.1245 20.1245 20.1245 20.1246 20.1246 20.1246 20.1246 20.1246 20.1247
strawberry168.jpg 36.2286 36.2286 36.2286 36.2287 36.2287 36.2287 36.2287 36.2287 36.2288 36.2288 36.2288
strawberry169.jpg 36.2294 36.2293 36.2293 36.2292 36.2292 36.2292 36.2292 36.2291 36.2291 36.2291 36.2291
strawberry170.jpg 36.2272 36.2272 36.2272 36.2272 36.2272 36.2272 36.2272 36.2273 36.2273 36.2273 36.2273
strawberry171.jpg 36.2273 36.2273 36.2273 36.2273 36.2273 36.2274 36.2274 36.2274 36.2275 36.2275 36.2276
strawberry172.jpg 36.2268 36.2268 36.2268 36.2268 36.2268 36.2268 36.2268 36.2268 36.2268 36.2267 36.2267
strawberry173.jpg 36.2255 36.2256 36.2256 36.2256 36.2257 36.2257 36.2258 36.2258 36.2258 36.2259 36.2259
strawberry174.jpg 36.2252 36.2251 36.2251 36.2251 36.2250 36.2250 36.2250 36.2250 36.2249 36.2249 36.2249
strawberry175.jpg 36.2230 36.2230 36.2231 36.2232 36.2233 36.2234 36.2235 36.2236 36.2237 36.2237 36.2238
strawberry176.jpg 36.2222 36.2221 36.2221 36.2221 36.2221 36.2221 36.2221 36.2221 36.2221 36.2221 36.2221
strawberry177.jpg 22.1320 22.1320 22.1320 22.1320 22.1320 22.1320 22.1321 22.1321 22.1321 22.1321 22.1321
strawberry178.jpg 22.1316 22.1316 22.1316 22.1315 22.1315 22.1315 22.1315 22.1315 22.1315 22.1315 22.1315
strawberry179.jpg 22.1310 22.1310 22.1309 22.1308 22.1307 22.1306 22.1306 22.1305 22.1304 22.1304 22.1303
strawberry180.jpg 22.1304 22.1303 22.1302 22.1301 22.1301 22.1300 22.1300 22.1300 22.1300 22.1300 22.1300
strawberry181.jpg 22.1298 22.1297 22.1297 22.1296 22.1296 22.1296 22.1296 22.1296 22.1296 22.1296 22.1296
strawberry182.jpg 22.1274 22.1274 22.1274 22.1274 22.1273 22.1273 22.1272 22.1272 22.1271 22.1271 22.1270
strawberry183.jpg 22.1277 22.1277 22.1277 22.1277 22.1277 22.1277 22.1277 22.1278 22.1278 22.1278 22.1279
strawberry184.jpg 22.1278 22.1278 22.1278 22.1278 22.1278 22.1279 22.1279 22.1279 22.1280 22.1280 22.1280
strawberry185.jpg 22.1278 22.1278 22.1279 22.1279 22.1279 22.1280 22.1280 22.1280 22.1281 22.1281 22.1281
strawberry186.jpg 22.1245 22.1245 22.1245 22.1245 22.1245 22.1244 22.1243 22.1243 22.1242 22.1241 22.1240
strawberry187.jpg 20.3641 20.3641 20.3641 20.3642 20.3642 20.3643 20.3643 20.3643 20.3643 20.3644 20.3644
strawberry188.jpg 20.3633 20.3633 20.3633 20.3633 20.3633 20.3633 20.3633 20.3633 20.3633 20.3633 20.3633
strawberry189.jpg 20.3629 20.3629 20.3629 20.3629 20.3629 20.3629 20.3629 20.3629 20.3629 20.3629 20.3629
strawberry190.jpg 20.3617 20.3617 20.3617 20.3617 20.3617 20.3616 20.3616 20.3616 20.3615 20.3615 20.3615
strawberry191.jpg 20.3616 20.3617 20.3617 20.3617 20.3617 20.3617 20.3617 20.3617 20.3617 20.3617 20.3618
strawberry192.jpg 20.3606 20.3606 20.3606 20.3606 20.3606 20.3606 20.3605 20.3605 20.3605 20.3605 20.3605
strawberry193.jpg 20.3579 20.3580 20.3581 20.3582 20.3583 20.3584 20.3585 20.3587 20.3588 20.3590 20.3591
strawberry194.jpg 20.3595 20.3594 20.3593 20.3592 20.3592 20.3591 20.3591 20.3590 20.3590 20.3590 20.3590
strawberry195.jpg 20.3565 20.3565 20.3565 20.3565 20.3565 20.3565 20.3566 20.3566 20.3567 20.3567 20.3568
strawberry196.jpg 20.3572 20.3572 20.3573 20.3573 20.3573 20.3574 20.3574 20.3574 20.3575 20.3575 20.3575
strawberry197.jpg 29.4446 29.4446 29.4446 29.4447 29.4447 29.4447 29.4447 29.4448 29.4448 29.4448 29.4448
strawberry198.jpg 29.4449 29.4449 29.4450 29.4450 29.4450 29.4450 29.4450 29.4450 29.4451 29.4451 29.4451
strawberry199.jpg 29.4450 29.4450 29.4450 29.4450 29.4450 29.4450 29.4450 29.4449 29.4449 29.4449 29.4449
strawberry200.jpg 29.4430 29.4430 29.4430 29.4430 29.4430 29.4430 29.4430 29.4430 29.4430 29.4430 29.4430
strawberry201.jpg 29.4418 29.4418 29.4418 29.4418 29.4418 29.4418 29.4418 29.4418 29.4418 29.4418 29.4418
strawberry202.jpg 29.4402 29.4403 29.4403 29.4403 29.4403 29.4403 29.4403 29.4404 29.4404 29.4404 29.4404
strawberry203.jpg 29.4386 29.4386 29.4386 29.4386 29.4386 29.4386 29.4386 29.4386 29.4386 29.4386 29.4386
strawberry204.jpg 29.4386 29.4386 29.4386 29.4386 29.4386 29.4386 29.4386 29.4386 29.4386 29.4386 29.4386
strawberry205.jpg 29.4369 29.4369 29.4369 29.4369 29.4369 29.4369 29.4369 29.4369 29.4370 29.4370 29.4370
strawberry206.jpg 29.4340 29.4340 29.4340 29.4340 29.4341 29.4342 29.4342 29.4343 29.4344 29.4345 29.4346
strawberry207.jpg 29.4340 29.4340 29.4341 29.4341 29.4341 29.4341 29.4341 29.4341 29.4341 29.4342 29.4342
strawberry208.jpg 29.4319 29.4319 29.4319 29.4319 29.4319 29.4319 29.4319 29.4320 29.4320 29.4320 29.4321
strawberry209.jpg 29.4324 29.4323 29.4323 29.4323 29.4323 29.4324 29.4325 29.4326 29.4327 29.4328 29.4328
strawberry210.jpg 19.1606 19.1606 19.1606 19.1606 19.1606 19.1606 19.1606 19.1606 19.1607 19.1607 19.1607
strawberry211.jpg 19.1565 19.1565 19.1564 19.1564 19.1564 19.1564 19.1564 19.1564 19.1564 19.1564 19.1564
strawberry212.jpg 19.1565 19.1565 19.1565 19.1565 19.1565 19.1565 19.1565 19.1565 19.1565 19.1565 19.1565
strawberry213.jpg 19.1541 19.1540 19.1540 19.1540 19.1540 19.1540 19.1541 19.1541 19.1541 19.1541 19.1541
strawberry214.jpg 19.1518 19.1518 19.1518 19.1518 19.1518 19.1518 19.1518 19.1518 19.1518 19.1518 19.1518
strawberry215.jpg 19.1484 19.1484 19.1484 19.1484 19.1483 19.1483 19.1483 19.1483 19.1483 19.1483 19.1483
strawberry216.jpg 19.1476 19.1475 19.1475 19.1474 19.1474 19.1474 19.1474 19.1474 19.1474 19.1474 19.1474
strawberry217.jpg 19.1457 19.1457 19.1457 19.1457 19.1457 19.1457 19.1457 19.1456 19.1456 19.1456 19.1455
strawberry218.jpg 19.1415 19.1414 19.1413 19.1412 19.1411 19.1411 19.1410 19.1410 19.1410 19.1410 19.1410
strawberry219.jpg 19.1397 19.1397 19.1397 19.1397 19.1397 19.1397 19.1397 19.1397 19.1397 19.1397 19.1397
strawberry220.jpg 17.7942 17.7943 17.7943 17.7943 17.7943 17.7943 17.7942 17.7942 17.7942 17.7942 17.7942
strawberry221.jpg 17.7940 17.7938 17.7937 17.7935 17.7934 17.7933 17.7933 17.7932 17.7931 17.7931 17.7931
strawberry222.jpg 17.7918 17.7918 17.7918 17.7918 17.7918 17.7918 17.7918 17.7918 17.7918 17.7918 17.7918
strawberry223.jpg 17.7907 17.7907 17.7907 17.7908 17.7908 17.7908 17.7908 17.7908 17.7909 17.7909 17.7909
strawberry224.jpg 17.7900 17.7900 17.7900 17.7900 17.7900 17.7900 17.7900 17.7900 17.7900 17.7900 17.7900
strawberry225.jpg 17.7875 17.7875 17.7875 17.7876 17.7876 17.7877 17.7877 17.7878 17.7879 17.7879 17.7880
strawberry226.jpg 17.7891 17.7891 17.7891 17.7891 17.7892 17.7892 17.7892 17.7893 17.7893 17.7894 17.7894
strawberry227.jpg 17.7900 17.7900 17.7900 17.7900 17.7900 17.7900 17.7900 17.7900 17.7900 17.7900 17.7900
strawberry228.jpg 17.7901 17.7901 17.7901 17.7901 17.7900 17.7900 17.7900 17.7900 17.7900 17.7900 17.7900
strawberry229.jpg 17.7891 17.7891 17.7892 17.7892 17.7892 17.7892 17.7892 17.7892 17.7892 17.7892 17.7892
strawberry230.jpg 16.4327 16.4327 16.4327 16.4327 16.4327 16.4327 16.4327 16.4327 16.4327 16.4327 16.4327
strawberry231.jpg 16.4306 16.4306 16.4306 16.4306 16.4306 16.4306 16.4306 16.4306 16.4306 16.4306 16.4306
strawberry232.jpg 16.4289 16.4289 16.4290 16.4291 16.4291 16.4292 16.4293 16.4293 16.4293 16.4294 16.4294
strawberry233.jpg 16.4291 16.4291 16.4291 16.4289 16.4287 16.4285 16.4284 16.4284 16.4284 16.4284 16.4284
strawberry234.jpg 16.4286 16.4286 16.4286 16.4286 16.4286 16.4286 16.4286 16.4286 16.4286 16.4286 16.4286
strawberry235.jpg 16.4284 16.4285 16.4287 16.4287 16.4286 16.4285 16.4284 16.4283 16.4283 16.4283 16.4283
strawberry236.jpg 16.4322 16.4311 16.4305 16.4303 16.4303 16.4303 16.4302 16.4300 16.4297 16.4295 16.4292
strawberry237.jpg 16.4273 16.4273 16.4274 16.4274 16.4274 16.4274 16.4274 16.4274 16.4274 16.4274 16.4274
strawberry238.jpg 16.4267 16.4267 16.4267 16.4267 16.4267 16.4268 16.4268 16.4268 16.4268 16.4268 16.4268
strawberry239.jpg 16.4235 16.4236 16.4237 16.4238 16.4239 16.4240 16.4241 16.4241 16.4242 16.4243 16.4243
strawberry240.jpg 16.4227 16.4228 16.4230 16.4231 16.4232 16.4233 16.4235 16.4236 16.4236 16.4237 16.4238
strawberry241.jpg 16.4879 16.4879 16.4879 16.4879 16.4879 16.4878 16.4878 16.4878 16.4878 16.4877 16.4877
strawberry242.jpg 16.4855 16.4855 16.4855 16.4855 16.4855 16.4855 16.4855 16.4855 16.4855 16.4855 16.4855
strawberry243.jpg 16.4850 16.4851 16.4851 16.4851 16.4851 16.4851 16.4851 16.4851 16.4851 16.4851 16.4851
strawberry244.jpg 16.4857 16.4857 16.4857 16.4857 16.4857 16.4857 16.4857 16.4857 16.4857 16.4857 16.4857
strawberry245.jpg 16.4846 16.4847 16.4848 16.4848 16.4848 16.4847 16.4847 16.4846 16.4846 16.4846 16.4846
strawberry246.jpg 16.4843 16.4843 16.4843 16.4844 16.4844 16.4844 16.4844 16.4845 16.4845 16.4845 16.4845
strawberry247.jpg 16.4831 16.4831 16.4829 16.4828 16.4828 16.4828 16.4828 16.4829 16.4830 16.4830 16.4831
strawberry248.jpg 16.4831 16.4831 16.4831 16.4831 16.4831 16.4831 16.4832 16.4832 16.4832 16.4833 16.4834
strawberry249.jpg 16.4864 16.4852 16.4844 16.4837 16.4832 16.4827 16.4824 16.4822 16.4821 16.4821 16.4820
strawberry250.jpg 16.4849 16.4841 16.4839 16.4837 16.4834 16.4831 16.4829 16.4826 16.4824 16.4822 16.4820
strawberry251.jpg 16.4823 16.4823 16.4823 16.4823 16.4823 16.4823 16.4823 16.4823 16.4823 16.4823 16.4823
strawberry252.jpg 16.4823 16.4824 16.4825 16.4826 16.4827 16.4827 16.4828 16.4828 16.4828 16.4828 16.4828
strawberry253.jpg 16.4810 16.4809 16.4808 16.4808 16.4807 16.4807 16.4807 16.4806 16.4806 16.4806 16.4806
strawberry254.jpg 16.4942 16.4898 16.4829 16.4789 16.4794 16.4797 16.4800 16.4801 16.4801 16.4800 16.4798
strawberry255.jpg 16.4784 16.4784 16.4786 16.4788 16.4791 16.4793 16.4795 16.4796 16.4797 16.4798 16.4800
strawberry256.jpg 14.4174 14.4174 14.4175 14.4176 14.4176 14.4177 14.4178 14.4179 14.4179 14.4180 14.4181
strawberry257.jpg 14.4178 14.4178 14.4178 14.4177 14.4176 14.4176 14.4175 14.4174 14.4174 14.4173 14.4173
strawberry258.jpg 14.4174 14.4174 14.4174 14.4174 14.4174 14.4174 14.4174 14.4174 14.4174 14.4174 14.4174
strawberry259.jpg 14.4168 14.4168 14.4168 14.4168 14.4168 14.4169 14.4169 14.4169 14.4169 14.4169 14.4169
strawberry260.jpg 14.4150 14.4149 14.4149 14.4149 14.4149 14.4148 14.4148 14.4148 14.4148 14.4148 14.4148
strawberry261.jpg 14.4163 14.4158 14.4156 14.4155 14.4155 14.4155 14.4156 14.4156 14.4157 14.4157 14.4158
strawberry262.jpg 14.4144 14.4142 14.4142 14.4141 14.4142 14.4142 14.4144 14.4145 14.4147 14.4149 14.4150
strawberry263.jpg 14.4147 14.4148 14.4148 14.4149 14.4149 14.4149 14.4149 14.4149 14.4148 14.4148 14.4147
strawberry264.jpg 14.4132 14.4131 14.4131 14.4131 14.4132 14.4132 14.4132 14.4133 14.4132 14.4131 14.4130
strawberry265.jpg 14.4108 14.4100 14.4095 14.4091 14.4088 14.4087 14.4087 14.4087 14.4087 14.4088 14.4088
strawberry266.jpg 14.4091 14.4091 14.4091 14.4091 14.4091 14.4090 14.4090 14.4090 14.4090 14.4090 14.4090
strawberry267.jpg 14.4074 14.4074 14.4073 14.4073 14.4073 14.4073 14.4073 14.4073 14.4074 14.4075 14.4075
strawberry268.jpg 14.4088 14.4087 14.4087 14.4087 14.4087 14.4087 14.4086 14.4086 14.4086 14.4086 14.4086
strawberry269.jpg 14.4081 14.4081 14.4082 14.4083 14.4083 14.4081 14.4079 14.4077 14.4074 14.4072 14.4071
strawberry270.jpg 14.4074 14.4074 14.4074 14.4074 14.4073 14.4073 14.4073 14.4073 14.4072 14.4072 14.4072
strawberry271.jpg 14.4075 14.4075 14.4075 14.4075 14.4075 14.4075 14.4075 14.4075 14.4075 14.4075 14.4075
strawberry272.jpg 14.4061 14.4061 14.4061 14.4061 14.4060 14.4060 14.4060 14.4061 14.4061 14.4062 14.4062
strawberry273.jpg 14.4054 14.4055 14.4056 14.4056 14.4057 14.4058 14.4058 14.4059 14.4059 14.4060 14.4060
strawberry274.jpg 14.4055 14.4056 14.4056 14.4057 14.4057 14.4058 14.4058 14.4058 14.4059 14.4059 14.4059
strawberry275.jpg 14.4043 14.4044 14.4044 14.4045 14.4045 14.4046 14.4047 14.4048 14.4049 14.4050 14.4051
strawberry276.jpg 14.4052 14.4052 14.4052 14.4052 14.4053 14.4053 14.4053 14.4053 14.4053 14.4053 14.4053
strawberry277.jpg 14.4050 14.4050 14.4050 14.4050 14.4050 14.4050 14.4050 14.4050 14.4050 14.4050 14.4050
strawberry278.jpg 14.4042 14.4042 14.4042 14.4042 14.4041 14.4041 14.4041 14.4041 14.4041 14.4041 14.4041
strawberry279.jpg 19.0558 19.0558 19.0558 19.0558 19.0557 19.0557 19.0557 19.0557 19.0557 19.0557 19.0557
strawberry280.jpg 19.0533 19.0532 19.0532 19.0532 19.0532 19.0532 19.0532 19.0531 19.0531 19.0531 19.0531
strawberry281.jpg 19.0526 19.0530 19.0533 19.0534 19.0536 19.0537 19.0537 19.0537 19.0537 19.0536 19.0536
strawberry282.jpg 19.0527 19.0526 19.0525 19.0523 19.0522 19.0521 19.0520 19.0520 19.0519 19.0519 19.0519
strawberry283.jpg 19.0504 19.0504 19.0504 19.0505 19.0505 19.0505 19.0505 19.0506 19.0506 19.0506 19.0506
strawberry284.jpg 19.0492 19.0492 19.0491 19.0491 19.0491 19.0491 19.0491 19.0491 19.0490 19.0490 19.0490
strawberry285.jpg 19.0495 19.0494 19.0493 19.0492 19.0491 19.0490 19.0489 19.0489 19.0488 19.0487 19.0487
strawberry286.jpg 19.0470 19.0470 19.0469 19.0469 19.0469 19.0468 19.0468 19.0468 19.0468 19.0467 19.0467
strawberry287.jpg 19.0460 19.0460 19.0460 19.0460 19.0460 19.0460 19.0460 19.0460 19.0460 19.0461 19.0461
strawberry288.jpg 19.0440 19.0440 19.0441 19.0441 19.0441 19.0441 19.0441 19.0441 19.0441 19.0441 19.0441
strawberry289.jpg 19.0421 19.0422 19.0422 19.0423 19.0423 19.0423 19.0424 19.0424 19.0424 19.0425 19.0425
strawberry290.jpg 19.0418 19.0418 19.0418 19.0417 19.0416 19.0416 19.0415 19.0415 19.0414 19.0414 19.0413
strawberry291.jpg 19.0373 19.0374 19.0374 19.0375 19.0375 19.0376 19.0377 19.0377 19.0378 19.0378 19.0379
strawberry292.jpg 26.8581 26.8579 26.8578 26.8576 26.8575 26.8574 26.8574 26.8574 26.8574 26.8575 26.8577
strawberry293.jpg 26.8583 26.8583 26.8584 26.8585 26.8586 26.8587 26.8588 26.8589 26.8590 26.8591 26.8592
strawberry294.jpg 26.8597 26.8597 26.8597 26.8596 26.8596 26.8596 26.8596 26.8596 26.8596 26.8596 26.8596
strawberry295.jpg 26.8586 26.8586 26.8585 26.8585 26.8584 26.8584 26.8583 26.8583 26.8582 26.8582 26.8582
strawberry296.jpg 26.8580 26.8580 26.8580 26.8579 26.8579 26.8579 26.8579 26.8579 26.8579 26.8579 26.8579
strawberry297.jpg 26.8573 26.8573 26.8573 26.8573 26.8573 26.8573 26.8574 26.8574 26.8574 26.8574 26.8574
strawberry298.jpg 26.8560 26.8561 26.8561 26.8561 26.8561 26.8561 26.8561 26.8561 26.8561 26.8561 26.8561
strawberry299.jpg 26.8554 26.8554 26.8554 26.8554 26.8554 26.8554 26.8554 26.8554 26.8555 26.8555 26.8555
strawberry300.jpg 26.8547 26.8546 26.8546 26.8545 26.8545 26.8544 26.8544 26.8543 26.8543 26.8543 26.8542
strawberry301.jpg 26.8542 26.8542 26.8542 26.8542 26.8542 26.8542 26.8542 26.8542 26.8541 26.8541 26.8541
strawberry302.jpg 26.8535 26.8535 26.8535 26.8535 26.8536 26.8536 26.8536 26.8536 26.8536 26.8536 26.8536
strawberry303.jpg 26.8527 26.8527 26.8527 26.8526 26.8526 26.8526 26.8526 26.8526 26.8526 26.8526 26.8526
strawberry304.jpg 26.8505 26.8505 26.8505 26.8505 26.8505 26.8505 26.8505 26.8505 26.8505 26.8505 26.8505
strawberry305.jpg 26.8492 26.8492 26.8492 26.8492 26.8492 26.8492 26.8491 26.8491 26.8491 26.8490 26.8490
strawberry306.jpg 26.8491 26.8490 26.8490 26.8489 26.8489 26.8489 26.8489 26.8488 26.8488 26.8488 26.8488
strawberry307.jpg 26.8484 26.8484 26.8484 26.8484 26.8484 26.8484 26.8484 26.8484 26.8484 26.8484 26.8484
strawberry308.jpg 26.8473 26.8473 26.8473 26.8473 26.8473 26.8473 26.8473 26.8474 26.8474 26.8474 26.8474
strawberry309.jpg 26.8468 26.8463 26.8455 26.8446 26.8443 26.8442 26.8441 26.8440 26.8440 26.8440 26.8439
strawberry310.jpg 26.8441 26.8440 26.8440 26.8440 26.8439 26.8439 26.8439 26.8439 26.8439 26.8438 26.8438
strawberry311.jpg 26.8428 26.8428 26.8428 26.8428 26.8428 26.8428 26.8428 26.8428 26.8428 26.8428 26.8428
strawberry312.jpg 26.8404 26.8404 26.8403 26.8403 26.8403 26.8403 26.8403 26.8402 26.8402 26.8402 26.8402
strawberry313.jpg 26.8390 26.8390 26.8390 26.8390 26.8390 26.8390 26.8391 26.8391 26.8391 26.8392 26.8392
strawberry314.jpg 26.8390 26.8390 26.8390 26.8390 26.8390 26.8390 26.8389 26.8389 26.8389 26.8389 26.8389
strawberry315.jpg 26.8377 26.8377 26.8377 26.8377 26.8377 26.8377 26.8377 26.8377 26.8377 26.8376 26.8376
strawberry316.jpg 26.8329 26.8329 26.8329 26.8328 26.8328 26.8328 26.8328 26.8327 26.8327 26.8327 26.8326
strawberry317.jpg 26.8323 26.8322 26.8321 26.8320 26.8319 26.8318 26.8317 26.8316 26.8316 26.8315 26.8315
strawberry318.jpg 26.8293 26.8293 26.8293 26.8293 26.8293 26.8293 26.8293 26.8293 26.8293 26.8293 26.8293
strawberry319.jpg 26.8279 26.8279 26.8279 26.8279 26.8279 26.8279 26.8279 26.8279 26.8279 26.8279 26.8279
strawberry320.jpg 26.8273 26.8273 26.8273 26.8273 26.8273 26.8273 26.8273 26.8274 26.8274 26.8274 26.8274
strawberry321.jpg 26.8259 26.8260 26.8262 26.8262 26.8263 26.8264 26.8265 26.8266 26.8266 26.8267 26.8267
strawberry322.jpg 26.8237 26.8238 26.8239 26.8240 26.8241 26.8242 26.8242 26.8243 26.8243 26.8244 26.8244
strawberry323.jpg 26.8255 26.8255 26.8255 26.8255 26.8255 26.8255 26.8255 26.8255 26.8255 26.8254 26.8254
strawberry324.jpg 26.8269 26.8265 26.8261 26.8259 26.8256 26.8255 26.8253 26.8252 26.8252 26.8251 26.8251
strawberry325.jpg 26.8244 26.8244 26.8244 26.8244 26.8244 26.8244 26.8244 26.8244 26.8244 26.8244 26.8244
strawberry326.jpg 26.8212 26.8212 26.8213 26.8214 26.8216 26.8216 26.8217 26.8217 26.8217 26.8217 26.8217
strawberry327.jpg 26.8195 26.8196 26.8199 26.8201 26.8204 26.8206 26.8208 26.8209 26.8211 26.8212 26.8213
strawberry328.jpg 23.0036 23.0038 23.0040 23.0042 23.0043 23.0043 23.0043 23.0043 23.0043 23.0043 23.0043
strawberry329.jpg 23.0042 23.0041 23.0041 23.0041 23.0041 23.0041 23.0042 23.0042 23.0042 23.0043 23.0043
strawberry330.jpg 23.0038 23.0039 23.0040 23.0040 23.0041 23.0041 23.0042 23.0043 23.0043 23.0044 23.0044
strawberry331.jpg 23.0034 23.0033 23.0032 23.0031 23.0031 23.0031 23.0030 23.0030 23.0030 23.0030 23.0030
strawberry332.jpg 23.0019 23.0019 23.0020 23.0020 23.0020 23.0020 23.0020 23.0020 23.0020 23.0020 23.0020
strawberry333.jpg 22.9981 22.9997 23.0003 23.0000 22.9993 22.9988 22.9987 22.9987 22.9989 22.9990 22.9990
strawberry334.jpg 22.9991 22.9988 22.9987 22.9987 22.9987 22.9988 22.9989 22.9990 22.9991 22.9992 22.9993
strawberry335.jpg 22.9989 22.9989 22.9989 22.9989 22.9989 22.9989 22.9989 22.9989 22.9989 22.9989 22.9989
strawberry336.jpg 22.9984 22.9985 22.9986 22.9987 22.9987 22.9988 22.9988 22.9989 22.9989 22.9990 22.9990
strawberry337.jpg 22.9957 22.9957 22.9957 22.9956 22.9956 22.9956 22.9956 22.9956 22.9955 22.9955 22.9955
strawberry338.jpg 22.9956 22.9956 22.9956 22.9956 22.9956 22.9956 22.9956 22.9956 22.9957 22.9957 22.9957
strawberry339.jpg 22.9936 22.9936 22.9937 22.9937 22.9937 22.9937 22.9937 22.9938 22.9938 22.9938 22.9938
strawberry340.jpg 22.9921 22.9921 22.9921 22.9921 22.9921 22.9921 22.9921 22.9920 22.9920 22.9920 22.9920
strawberry341.jpg 22.9903 22.9903 22.9903 22.9903 22.9904 22.9904 22.9904 22.9904 22.9905 22.9905 22.9905
strawberry342.jpg 22.9903 22.9903 22.9903 22.9903 22.9904 22.9904 22.9904 22.9904 22.9903 22.9903 22.9902
strawberry343.jpg 22.9880 22.9880 22.9880 22.9881 22.9882 22.9882 22.9883 22.9884 22.9885 22.9885 22.9886
strawberry344.jpg 22.9893 22.9893 22.9893 22.9893 22.9893 22.9892 22.9892 22.9892 22.9891 22.9891 22.9891
strawberry345.jpg 22.9861 22.9860 22.9860 22.9860 22.9860 22.9860 22.9860 22.9860 22.9860 22.9860 22.9860
strawberry346.jpg 22.9846 22.9846 22.9846 22.9846 22.9845 22.9845 22.9845 22.9845 22.9845 22.9844 22.9844
strawberry347.jpg 30.1028 30.1028 30.1028 30.1028 30.1028 30.1028 30.1028 30.1028 30.1028 30.1028 30.1028
strawberry348.jpg 30.1020 30.1021 30.1022 30.1023 30.1023 30.1023 30.1023 30.1023 30.1023 30.1022 30.1021
strawberry349.jpg 30.0990 30.0990 30.0989 30.0989 30.0989 30.0989 30.0988 30.0988 30.0988 30.0988 30.0987
strawberry350.jpg 30.0963 30.0963 30.0963 30.0962 30.0962 30.0961 30.0961 30.0961 30.0960 30.0960 30.0960
strawberry351.jpg 30.0941 30.0941 30.0940 30.0939 30.0939 30.0938 30.0938 30.0937 30.0937 30.0936 30.0936
strawberry352.jpg 30.0947 30.0948 30.0948 30.0948 30.0949 30.0949 30.0949 30.0949 30.0948 30.0948 30.0948
strawberry353.jpg 30.0942 30.0941 30.0940 30.0940 30.0940 30.0940 30.0940 30.0940 30.0940 30.0940 30.0940
strawberry354.jpg 30.0934 30.0934 30.0934 30.0934 30.0934 30.0934 30.0933 30.0933 30.0933 30.0933 30.0933
strawberry355.jpg 30.0905 30.0905 30.0905 30.0905 30.0904 30.0904 30.0904 30.0904 30.0901 30.0900 30.0899
strawberry356.jpg 30.0846 30.0846 30.0846 30.0846 30.0846 30.0846 30.0846 30.0846 30.0846 30.0846 30.0846
strawberry357.jpg 30.0834 30.0834 30.0834 30.0834 30.0834 30.0834 30.0834 30.0834 30.0834 30.0834 30.0834
strawberry358.jpg 30.0811 30.0811 30.0811 30.0811 30.0812 30.0812 30.0812 30.0812 30.0812 30.0812 30.0812
strawberry359.jpg 30.0800 30.0800 30.0800 30.0800 30.0800 30.0799 30.0799 30.0799 30.0798 30.0798 30.0798
strawberry360.jpg 30.0790 30.0790 30.0790 30.0790 30.0791 30.0791 30.0791 30.0791 30.0791 30.0791 30.0791
strawberry361.jpg 30.0794 30.0794 30.0794 30.0794 30.0794 30.0794 30.0794 30.0794 30.0794 30.0794 30.0794
strawberry362.jpg 30.0776 30.0776 30.0777 30.0777 30.0777 30.0777 30.0777 30.0777 30.0777 30.0777 30.0777
strawberry363.jpg 30.0763 30.0763 30.0763 30.0764 30.0764 30.0764 30.0764 30.0764 30.0763 30.0763 30.0763
strawberry364.jpg 30.0738 30.0739 30.0739 30.0739 30.0739 30.0739 30.0739 30.0739 30.0739 30.0739 30.0739
strawberry365.jpg 30.0734 30.0734 30.0734 30.0734 30.0734 30.0734 30.0734 30.0734 30.0734 30.0734 30.0734
strawberry366.jpg 30.0737 30.0737 30.0736 30.0736 30.0735 30.0735 30.0735 30.0734 30.0734 30.0734 30.0733
strawberry367.jpg 20.8255 20.8255 20.8255 20.8255 20.8255 20.8255 20.8256 20.8256 20.8256 20.8256 20.8256
strawberry368.jpg 20.8248 20.8248 20.8247 20.8247 20.8247 20.8247 20.8246 20.8246 20.8246 20.8246 20.8245
strawberry369.jpg 20.8234 20.8234 20.8234 20.8234 20.8234 20.8234 20.8234 20.8234 20.8234 20.8234 20.8234
strawberry370.jpg 20.8228 20.8228 20.8228 20.8228 20.8229 20.8229 20.8229 20.8229 20.8229 20.8229 20.8229
strawberry371.jpg 20.8220 20.8220 20.8220 20.8220 20.8220 20.8220 20.8220 20.8220 20.8220 20.8220 20.8220
strawberry372.jpg 20.8221 20.8221 20.8222 20.8222 20.8222 20.8222 20.8221 20.8221 20.8220 20.8220 20.8219
strawberry373.jpg 20.8212 20.8212 20.8212 20.8212 20.8212 20.8212 20.8212 20.8212 20.8212 20.8212 20.8212
strawberry374.jpg 20.8211 20.8211 20.8211 20.8211 20.8211 20.8210 20.8210 20.8210 20.8210 20.8210 20.8209
strawberry375.jpg 20.8202 20.8202 20.8202 20.8201 20.8201 20.8201 20.8201 20.8200 20.8200 20.8200 20.8200
strawberry376.jpg 20.8183 20.8183 20.8183 20.8183 20.8183 20.8183 20.8183 20.8183 20.8183 20.8183 20.8183
strawberry377.jpg 20.8183 20.8183 20.8184 20.8184 20.8184 20.8184 20.8184 20.8184 20.8184 20.8184 20.8183
strawberry378.jpg 20.8187 20.8187 20.8187 20.8187 20.8187 20.8186 20.8186 20.8186 20.8186 20.8186 20.8186
strawberry379.jpg 20.8168 20.8168 20.8168 20.8168 20.8169 20.8170 20.8170 20.8171 20.8172 20.8173 20.8174
strawberry380.jpg 20.8166 20.8167 20.8167 20.8168 20.8168 20.8169 20.8169 20.8170 20.8170 20.8170 20.8171
strawberry381.jpg 20.8154 20.8154 20.8155 20.8156 20.8157 20.8158 20.8159 20.8160 20.8161 20.8161 20.8162
strawberry382.jpg 20.8164 20.8164 20.8164 20.8164 20.8163 20.8163 20.8163 20.8163 20.8163 20.8163 20.8162
strawberry383.jpg 20.8148 20.8149 20.8149 20.8149 20.8149 20.8150 20.8150 20.8150 20.8150 20.8150 20.8150
strawberry384.jpg 20.8151 20.8151 20.8152 20.8152 20.8152 20.8152 20.8152 20.8152 20.8152 20.8152 20.8151
strawberry385.jpg 20.8139 20.8139 20.8140 20.8140 20.8140 20.8141 20.8141 20.8141 20.8141 20.8140 20.8140
strawberry386.jpg 20.8121 20.8122 20.8123 20.8123 20.8124 20.8124 20.8125 20.8125 20.8126 20.8126 20.8127
strawberry387.jpg 20.8125 20.8125 20.8125 20.8125 20.8124 20.8124 20.8124 20.8124 20.8123 20.8123 20.8123
strawberry388.jpg 20.8123 20.8123 20.8123 20.8123 20.8123 20.8123 20.8123 20.8122 20.8122 20.8122 20.8121
strawberry389.jpg 20.8123 20.8123 20.8124 20.8124 20.8124 20.8124 20.8124 20.8124 20.8124 20.8123 20.8123
strawberry390.jpg 20.8119 20.8114 20.8111 20.8109 20.8108 20.8108 20.8108 20.8108 20.8108 20.8108 20.8108
strawberry391.jpg 20.8185 20.8131 20.8109 20.8100 20.8095 20.8092 20.8091 20.8090 20.8090 20.8090 20.8090
strawberry392.jpg 20.8120 20.8117 20.8112 20.8109 20.8108 20.8107 20.8107 20.8107 20.8107 20.8107 20.8108
strawberry393.jpg 20.8101 20.8101 20.8101 20.8101 20.8100 20.8100 20.8100 20.8099 20.8099 20.8099 20.8099
strawberry394.jpg 20.7998 20.8024 20.8033 20.8041 20.8054 20.8063 20.8067 20.8068 20.8067 20.8066 20.8065
strawberry395.jpg 20.7963 20.7963 20.7963 20.7963 20.7963 20.7963 20.7963 20.7963 20.7963 20.7963 20.7963
strawberry396.jpg 20.7946 20.7945 20.7945 20.7945 20.7945 20.7945 20.7944 20.7944 20.7944 20.7944 20.7943
strawberry397.jpg 20.7928 20.7927 20.7927 20.7927 20.7927 20.7926 20.7926 20.7926 20.7926 20.7926 20.7925
strawberry398.jpg 20.7900 20.7900 20.7900 20.7900 20.7900 20.7900 20.7901 20.7901 20.7902 20.7903 20.7903
strawberry399.jpg 20.7913 20.7912 20.7912 20.7912 20.7911 20.7911 20.7911 20.7910 20.7910 20.7910 20.7909
strawberry400.jpg 20.7908 20.7910 20.7911 20.7912 20.7913 20.7914 20.7915 20.7915 20.7916 20.7916 20.7917
strawberry401.jpg 20.7901 20.7901 20.7900 20.7900 20.7900 20.7900 20.7899 20.7899 20.7899 20.7898 20.7898
strawberry402.jpg 20.7893 20.7893 20.7893 20.7893 20.7893 20.7893 20.7893 20.7893 20.7893 20.7893 20.7893
strawberry403.jpg 20.7886 20.7885 20.7884 20.7884 20.7883 20.7883 20.7883 20.7883 20.7883 20.7884 20.7884
strawberry404.jpg 20.7890 20.7890 20.7890 20.7891 20.7891 20.7891 20.7892 20.7893 20.7893 20.7894 20.7895
strawberry405.jpg 19.3371 19.3371 19.3372 19.3372 19.3371 19.3371 19.3370 19.3369 19.3368 19.3368 19.3367
strawberry406.jpg 19.3337 19.3338 19.3339 19.3340 19.3341 19.3342 19.3343 19.3344 19.3345 19.3346 19.3347
strawberry407.jpg 19.3348 19.3347 19.3348 19.3349 19.3351 19.3352 19.3352 19.3352 19.3351 19.3350 19.3349
strawberry408.jpg 19.3316 19.3316 19.3315 19.3315 19.3315 19.3315 19.3314 19.3314 19.3314 19.3314 19.3314
strawberry409.jpg 19.3299 19.3299 19.3299 19.3300 19.3300 19.3301 19.3301 19.3302 19.3302 19.3303 19.3303
strawberry410.jpg 19.3303 19.3302 19.3302 19.3301 19.3301 19.3301 19.3300 19.3300 19.3300 19.3300 19.3299
strawberry411.jpg 19.3297 19.3297 19.3297 19.3298 19.3298 19.3298 19.3299 19.3299 19.3299 19.3299 19.3299
strawberry412.jpg 19.3284 19.3285 19.3286 19.3288 19.3289 19.3290 19.3291 19.3292 19.3293 19.3294 19.3295
strawberry413.jpg 19.3280 19.3280 19.3281 19.3281 19.3282 19.3283 19.3284 19.3285 19.3285 19.3287 19.3288
strawberry414.jpg 19.3272 19.3272 19.3272 19.3272 19.3273 19.3273 19.3273 19.3273 19.3273 19.3273 19.3273
strawberry415.jpg 19.3305 19.3296 19.3286 19.3278 19.3272 19.3267 19.3267 19.3267 19.3268 19.3269 19.3269
strawberry416.jpg 19.3261 19.3261 19.3261 19.3262 19.3263 19.3264 19.3265 19.3266 19.3266 19.3267 19.3267
strawberry417.jpg 19.3264 19.3264 19.3264 19.3264 19.3264 19.3264 19.3265 19.3265 19.3265 19.3266 19.3266
strawberry418.jpg 19.3257 19.3257 19.3257 19.3257 19.3257 19.3257 19.3257 19.3257 19.3257 19.3257 19.3256
strawberry419.jpg 19.3255 19.3254 19.3254 19.3253 19.3252 19.3252 19.3251 19.3251 19.3251 19.3251 19.3251
strawberry420.jpg 19.3238 19.3239 19.3241 19.3244 19.3246 19.3247 19.3248 19.3248 19.3247 19.3246 19.3246
strawberry421.jpg 19.3227 19.3229 19.3230 19.3231 19.3232 19.3233 19.3233 19.3233 19.3233 19.3233 19.3233
strawberry422.jpg 19.3227 19.3227 19.3227 19.3227 19.3227 19.3227 19.3227 19.3227 19.3227 19.3227 19.3227
strawberry423.jpg 19.3203 19.3206 19.3209 19.3212 19.3214 19.3216 19.3218 19.3218 19.3219 19.3220 19.3220
strawberry424.jpg 19.3185 19.3192 19.3198 19.3203 19.3207 19.3208 19.3209 19.3210 19.3210 19.3210 19.3210
strawberry425.jpg 19.3215 19.3212 19.3209 19.3207 19.3206 19.3205 19.3205 19.3205 19.3205 19.3205 19.3206
strawberry426.jpg 26.5176 26.5176 26.5176 26.5176 26.5175 26.5175 26.5174 26.5174 26.5173 26.5173 26.5173
strawberry427.jpg 26.5179 26.5179 26.5179 26.5179 26.5179 26.5179 26.5179 26.5179 26.5179 26.5179 26.5178
strawberry428.jpg 26.5175 26.5175 26.5175 26.5175 26.5175 26.5175 26.5175 26.5174 26.5174 26.5174 26.5174
strawberry429.jpg 26.5169 26.5163 26.5160 26.5159 26.5159 26.5159 26.5159 26.5158 26.5158 26.5158 26.5157
strawberry430.jpg 26.5143 26.5141 26.5140 26.5138 26.5138 26.5138 26.5138 26.5138 26.5139 26.5140 26.5141
strawberry431.jpg 26.5169 26.5169 26.5167 26.5166 26.5165 26.5164 26.5160 26.5156 26.5151 26.5146 26.5142
strawberry432.jpg 26.5161 26.5161 26.5161 26.5160 26.5160 26.5160 26.5159 26.5159 26.5158 26.5158 26.5157
strawberry433.jpg 26.5135 26.5135 26.5134 26.5134 26.5134 26.5134 26.5134 26.5134 26.5133 26.5133 26.5133
strawberry434.jpg 26.5135 26.5135 26.5135 26.5134 26.5134 26.5134 26.5133 26.5133 26.5133 26.5133 26.5134
strawberry435.jpg 27.1347 26.6274 26.5558 26.5246 26.5174 26.5142 26.5127 26.5119 26.5120 26.5126 26.5129
strawberry436.jpg 26.5121 26.5121 26.5121 26.5121 26.5120 26.5120 26.5120 26.5120 26.5120 26.5120 26.5120
strawberry437.jpg 26.5112 26.5112 26.5112 26.5112 26.5112 26.5112 26.5112 26.5112 26.5112 26.5112 26.5111
strawberry438.jpg 26.5110 26.5109 26.5108 26.5107 26.5106 26.5106 26.5106 26.5106 26.5106 26.5106 26.5106
strawberry439.jpg 26.5105 26.5105 26.5105 26.5104 26.5104 26.5104 26.5103 26.5103 26.5103 26.5103 26.5102
strawberry440.jpg 26.5081 26.5082 26.5082 26.5083 26.5083 26.5084 26.5084 26.5085 26.5085 26.5086 26.5086
strawberry441.jpg 26.5080 26.5080 26.5080 26.5080 26.5080 26.5080 26.5079 26.5079 26.5078 26.5077 26.5077
strawberry442.jpg 26.5059 26.5060 26.5061 26.5062 26.5063 26.5064 26.5065 26.5066 26.5067 26.5068 26.5069
strawberry443.jpg 26.5052 26.5052 26.5052 26.5053 26.5054 26.5054 26.5055 26.5056 26.5056 26.5057 26.5057
strawberry444.jpg 26.5043 26.5044 26.5044 26.5045 26.5046 26.5046 26.5047 26.5048 26.5049 26.5049 26.5050
strawberry445.jpg 26.5044 26.5043 26.5043 26.5043 26.5043 26.5043 26.5042 26.5042 26.5042 26.5042 26.5042
strawberry446.jpg 26.5035 26.5035 26.5035 26.5035 26.5034 26.5034 26.5034 26.5034 26.5034 26.5033 26.5033
strawberry447.jpg 26.5019 26.5019 26.5019 26.5019 26.5019 26.5019 26.5019 26.5019 26.5020 26.5020 26.5020
strawberry448.jpg 26.5031 26.5030 26.5030 26.5029 26.5029 26.5028 26.5028 26.5027 26.5027 26.5026 26.5026
strawberry449.jpg 26.5018 26.5018 26.5017 26.5017 26.5016 26.5016 26.5015 26.5015 26.5014 26.5014 26.5014
strawberry450.jpg 26.5006 26.5006 26.5007 26.5007 26.5008 26.5008 26.5009 26.5009 26.5010 26.5010 26.5011
strawberry451.jpg 26.5006 26.5006 26.5006 26.5006 26.5006 26.5006 26.5006 26.5006 26.5005 26.5005 26.5005
strawberry452.jpg 26.4993 26.4994 26.4994 26.4995 26.4995 26.4995 26.4996 26.4996 26.4996 26.4996 26.4996
strawberry453.jpg 26.4984 26.4983 26.4983 26.4983 26.4982 26.4982 26.4982 26.4982 26.4983 26.4983 26.4983
strawberry454.jpg 26.4974 26.4975 26.4975 26.4976 26.4976 26.4977 26.4977 26.4977 26.4977 26.4978 26.4978
strawberry455.jpg 26.4975 26.4976 26.4976 26.4977 26.4977 26.4977 26.4978 26.4978 26.4978 26.4978 26.4978
strawberry456.jpg 26.4959 26.4960 26.4960 26.4960 26.4960 26.4960 26.4959 26.4959 26.4959 26.4959 26.4959
strawberry457.jpg 26.4954 26.4955 26.4955 26.4956 26.4957 26.4958 26.4958 26.4959 26.4960 26.4961 26.4961
strawberry458.jpg 26.4939 26.4939 26.4940 26.4941 26.4941 26.4942 26.4943 26.4944 26.4944 26.4945 26.4946
strawberry459.jpg 26.4961 26.4960 26.4960 26.4959 26.4959 26.4958 26.4957 26.4957 26.4956 26.4955 26.4955
strawberry460.jpg 26.4940 26.4941 26.4941 26.4942 26.4942 26.4943 26.4944 26.4944 26.4945 26.4946 26.4947
strawberry461.jpg 26.4836 26.4837 26.4838 26.4838 26.4839 26.4839 26.4840 26.4840 26.4840 26.4840 26.4840
strawberry462.jpg 26.4821 26.4821 26.4821 26.4822 26.4822 26.4823 26.4823 26.4823 26.4824 26.4824 26.4825
strawberry463.jpg 26.4817 26.4816 26.4815 26.4815 26.4815 26.4815 26.4815 26.4815 26.4815 26.4816 26.4816
strawberry464.jpg 26.4817 26.4817 26.4817 26.4817 26.4817 26.4817 26.4817 26.4817 26.4816 26.4816 26.4816
strawberry465.jpg 26.4816 26.4815 26.4815 26.4815 26.4815 26.4815 26.4815 26.4815 26.4815 26.4815 26.4815
strawberry466.jpg 41.2188 41.2190 41.2191 41.2192 41.2193 41.2194 41.2195 41.2196 41.2197 41.2197 41.2198
strawberry467.jpg 41.2196 41.2196 41.2196 41.2196 41.2196 41.2196 41.2196 41.2195 41.2195 41.2195 41.2195
strawberry468.jpg 41.2195 41.2195 41.2196 41.2196 41.2196 41.2196 41.2196 41.2196 41.2196 41.2196 41.2196
strawberry469.jpg 41.2192 41.2191 41.2191 41.2190 41.2190 41.2189 41.2188 41.2188 41.2187 41.2187 41.2186
strawberry470.jpg 41.2180 41.2180 41.2180 41.2181 41.2181 41.2181 41.2181 41.2181 41.2181 41.2181 41.2182
strawberry471.jpg 41.2169 41.2169 41.2169 41.2169 41.2169 41.2169 41.2169 41.2169 41.2169 41.2169 41.2169
strawberry472.jpg 41.2157 41.2157 41.2157 41.2157 41.2158 41.2158 41.2158 41.2158 41.2158 41.2158 41.2158
strawberry473.jpg 41.2154 41.2155 41.2155 41.2155 41.2155 41.2155 41.2154 41.2154 41.2154 41.2153 41.2153
strawberry474.jpg 41.2141 41.2141 41.2141 41.2141 41.2141 41.2141 41.2142 41.2142 41.2142 41.2142 41.2142
strawberry475.jpg 41.2124 41.2124 41.2124 41.2124 41.2124 41.2124 41.2125 41.2125 41.2126 41.2127 41.2127
strawberry476.jpg 41.2115 41.2115 41.2115 41.2115 41.2115 41.2115 41.2114 41.2114 41.2114 41.2114 41.2114
strawberry477.jpg 41.2105 41.2106 41.2106 41.2106 41.2107 41.2107 41.2107 41.2108 41.2108 41.2108 41.2108
strawberry478.jpg 41.2097 41.2097 41.2097 41.2097 41.2096 41.2096 41.2096 41.2096 41.2096 41.2096 41.2095
strawberry479.jpg 41.2072 41.2073 41.2075 41.2076 41.2078 41.2079 41.2080 41.2081 41.2081 41.2082 41.2082
strawberry480.jpg 41.2059 41.2060 41.2061 41.2062 41.2062 41.2063 41.2064 41.2064 41.2065 41.2065 41.2065
strawberry481.jpg 41.2059 41.2060 41.2061 41.2062 41.2062 41.2063 41.2064 41.2064 41.2065 41.2065 41.2066
strawberry482.jpg 41.2057 41.2057 41.2057 41.2057 41.2058 41.2058 41.2058 41.2058 41.2058 41.2059 41.2059
strawberry483.jpg 41.2036 41.2036 41.2036 41.2035 41.2035 41.2035 41.2034 41.2034 41.2034 41.2034 41.2034
strawberry484.jpg 41.2035 41.2035 41.2034 41.2033 41.2033 41.2032 41.2032 41.2032 41.2032 41.2032 41.2032
strawberry485.jpg 41.2028 41.2029 41.2029 41.2029 41.2029 41.2030 41.2030 41.2030 41.2030 41.2029 41.2029
strawberry486.jpg 41.2010 41.2011 41.2011 41.2011 41.2012 41.2012 41.2012 41.2012 41.2013 41.2013 41.2013
strawberry487.jpg 41.1986 41.1989 41.1991 41.1994 41.1997 41.2000 41.2002 41.2005 41.2007 41.2009 41.2010
strawberry488.jpg 41.2006 41.2006 41.2007 41.2007 41.2007 41.2008 41.2008 41.2008 41.2009 41.2009 41.2009
strawberry489.jpg 41.1997 41.1998 41.1998 41.1998 41.1998 41.1998 41.1999 41.1999 41.1999 41.1999 41.1999
strawberry490.jpg 41.1987 41.1986 41.1986 41.1986 41.1986 41.1985 41.1985 41.1985 41.1985 41.1985 41.1985
strawberry491.jpg 41.1956 41.1956 41.1956 41.1956 41.1957 41.1958 41.1959 41.1959 41.1959 41.1959 41.1959
strawberry492.jpg 48.7209 48.7209 48.7209 48.7210 48.7210 48.7211 48.7211 48.7212 48.7212 48.7213 48.7214
strawberry493.jpg 48.7184 48.7186 48.7186 48.7186 48.7186 48.7187 48.7188 48.7188 48.7187 48.7187 48.7186
strawberry494.jpg 78.7183 48.7182 48.7182 48.7181 48.7181 48.7181 48.7182 48.7182 48.7183 48.7184 48.7185
strawberry495.jpg 48.7182 48.7182 48.7182 48.7182 48.7182 48.7182 48.7182 48.7182 48.7182 48.7182 48.7182
strawberry496.jpg 48.7166 48.7166 48.7166 48.7166 48.7166 48.7165 48.7165 48.7165 48.7164 48.7164 48.7163
strawberry497.jpg 48.7149 48.7150 48.7150 48.7150 48.7151 48.7151 48.7151 48.7152 48.7152 48.7152 48.7152
strawberry498.jpg 48.7149 48.7156 48.7158 48.7158 48.7157 48.7156 48.7155 48.7155 48.7154 48.7154 48.7154
strawberry499.jpg 48.7110 48.7112 48.7113 48.7114 48.7114 48.7115 48.7115 48.7116 48.7118 48.7119 48.7120
strawberry500.jpg 48.7113 48.7113 48.7113 48.7114 48.7115 48.7115 48.7116 48.7117 48.7118 48.7119 48.7120
strawberry501.jpg 48.7109 48.7110 48.7110 48.7111 48.7111 48.7112 48.7112 48.7113 48.7113 48.7113 48.7114
strawberry502.jpg 48.7103 48.7103 48.7103 48.7102 48.7102 48.7102 48.7102 48.7102 48.7102 48.7102 48.7102
strawberry503.jpg 48.7083 48.7092 48.7094 48.7093 48.7091 48.7088 48.7086 48.7085 48.7084 48.7084 48.7084
strawberry504.jpg 48.7080 48.7079 48.7078 48.7078 48.7077 48.7076 48.7075 48.7074 48.7073 48.7073 48.7072
strawberry505.jpg 48.7057 48.7058 48.7059 48.7061 48.7063 48.7065 48.7064 48.7061 48.7058 48.7055 48.7053
strawberry506.jpg 48.7067 48.7066 48.7065 48.7064 48.7063 48.7062 48.7060 48.7059 48.7057 48.7056 48.7055
strawberry507.jpg 48.7033 48.7034 48.7034 48.7035 48.7035 48.7036 48.7036 48.7036 48.7037 48.7037 48.7037
strawberry508.jpg 48.7016 48.7016 48.7017 48.7017 48.7017 48.7018 48.7018 48.7018 48.7019 48.7019 48.7019
strawberry509.jpg 48.7008 48.7009 48.7010 48.7010 48.7011 48.7012 48.7012 48.7012 48.7013 48.7013 48.7013
strawberry510.jpg 48.6997 48.6997 48.6997 48.6997 48.6997 48.6997 48.6997 48.6997 48.6997 48.6997 48.6997
strawberry511.jpg 48.6975 48.6976 48.6977 48.6978 48.6979 48.6980 48.6981 48.6982 48.6982 48.6983 48.6983
